10945
718156
70840
606584
198990
706442
837801
420224
718478
215340
446761
327440
557616
554168
759991
414209
607184
433868
696771
340025
521279
531492
750974
545809
415488
1174224
769896
6765
1102712
318381
1022578
409316
604688
119790
256683
414312
101902
78595
507892
143275
931688
567896
1024304
326045
642969
833280
741406
157795
366876
583924
528749
360299
737163
266787
454129
482863
570295
412160
438872
579337
714617
921960
1152312
321718
79200
88550
244536
905454
177100
892144
675394
477582
1017730
393440
524606
586022
396072
620814
471097
1083033
586062
113025
849224
1001640
106260
32835
103070
1082232
98505
629998
138105
98505
585954
533260
513999
804743
109450
266078
410696
125565