679394396
706165595
181111490
827553246
400390398
117215304
1058170253
220168084
96205804
591437897
593281312
152129004
740379366
535121567
600100523
443499594
1010638770
199335468
564870414
819847882
379157334
1072122846
841898527
566719872
915106190
209519114
507950386
451475632
46152955
251784773
736670527
1031638186
543648219
952111150
857928149
682245193
41399157
85147189
357153271
634520666
986404272
65815660
332413760
540213621
204883830
333401684
196462649
87606828
733149259
213480297
694475225
829891618
383727717
234845481
766664111
912863158
436428380
204194099
378898106
708821010
434101199
628590494
891422249
1059342077
707269417
131553439
93211617
536025294
834736039
781544935
211564142
432508412
275276807
355095237
113297288
150610371
693301264
516855565
173000976
689524578
178418143
554116488
747514871
142386486
277661723
81821837
398531211
390519019
216804785
50578565
899689590
408639490
405108077
626536695
1013517303
935524934
893845801
870785729
390154999
271682310
329956864
175681114
1042954816
992310736
828220714
215626932
425906175
34922048
576372330
599932800
699088825
742554428
970077952
1004333920
209888328
165068550
698840096
913994887
777049596
819455772
769829427
443430019
77869721
472585953
1034181111
371771328
1068888850
262229019
961015904
39800256
1053162045
455409438
250159667
222123376
889865731
500319334
28088960
850596688
988939969
140647164
418280156
810191407
334452032
922423392
426388096
291484814
12940463
834221616
529822597
598772800
267433024
729688330
964441364
34141820
803702976
745840444
74724944
436674251
745840444
587135936
1065271296
33212196
490417449
351493016
503244768
99298880
1020119336